0.000000000000000000e+00  1.840238533741247497e-03  9.979696687313336367e-01  0.000000000000000000e+00  1.900927349251512757e-04
1.000000000000000000e+02  3.674249142479498777e-03  9.959454313191681285e-01  1.971611440313276293e-06  3.783479269121480708e-04
2.000000000000000000e+02  5.502055101034769580e-03  9.939272641587888479e-01  5.899599129400321255e-06  5.647811410470967306e-04
3.000000000000000000e+02  7.323679581238933325e-03  9.919151437685925776e-01  1.176883399421630103e-05  7.494078161743528230e-04
4.000000000000000000e+02  9.139145652497000435e-03  9.899090467892859291e-01  1.956429231302836077e-05  9.322432659041070269e-04
5.000000000000000000e+02  1.094847628234475387e-02  9.879089499830893129e-01  2.927105495401760544e-05  1.113302679611978714e-03
6.000000000000000000e+02  1.275169433700275995e-02  9.859148302329470148e-01  4.087430661962106627e-05  1.292601123430680383e-03
7.000000000000000000e+02  1.454882258192679093e-02  9.839266645417429347e-01  5.435933509656923920e-05  1.470153541233815229e-03
8.000000000000000000e+02  1.633988368235466879e-02  9.819444300315219865e-01  6.971153051157517790e-05  1.645974755611871385e-03
9.000000000000000000e+02  1.812490020384957545e-02  9.799681039427173834e-01  8.691638459263142935e-05  1.820079468840473443e-03
1.000000000000000000e+03  1.990389461283983974e-02  9.779976636333833628e-01  1.059594899358715423e-04  1.992482263840951971e-03
1.100000000000000000e+03  2.167688927715524794e-02  9.760330865784335730e-01  1.268265392779529903e-04  2.163197605133294552e-03
1.200000000000000000e+03  2.344390646655985372e-02  9.740743503688847893e-01  1.495033247739190974e-04  2.332239839781534950e-03
1.300000000000000000e+03  2.520496835328138799e-02  9.721214327111065145e-01  1.739757372804972473e-04  2.499623198331643072e-03
1.400000000000000000e+03  2.696009701253721663e-02  9.701743114260760192e-01  2.002297656447918264e-04  2.665361795741973388e-03
1.500000000000000000e+03  2.870931442305692943e-02  9.682329644486383780e-01  2.282514959983298177e-04  2.829469632306332548e-03
1.600000000000000000e+03  3.045264246760154975e-02  9.662973698267722789e-01  2.580271110564179423e-04  2.991960594569722121e-03
1.700000000000000000e+03  3.219010293347940310e-02  9.643675057208609402e-01  2.895428894227702432e-04  3.152848456236816751e-03
1.800000000000000000e+03  3.392171751305866900e-02  9.624433504029686892e-01  3.227852048993654533e-04  3.312146879073233231e-03
1.900000000000000000e+03  3.564750780427662635e-02  9.605248822561222033e-01  3.577405258014936537e-04  3.469869413799649051e-03
2.000000000000000000e+03  3.736749531114564454e-02  9.586120797735975252e-01  3.943954142779521879e-04  3.626029500978827664e-03
2.100000000000000000e+03  3.908170144425590631e-02  9.567049215582120736e-01  4.327365256363513110e-04  3.780640471895602064e-03
2.200000000000000000e+03  4.079014752127493176e-02  9.548033863216216499e-01  4.727506076734896241e-04  3.933715549429880019e-03
2.300000000000000000e+03  4.249285476744386197e-02  9.529074528836226632e-01  5.144245000107607480e-04  4.085267848922719512e-03
2.400000000000000000e+03  4.418984431607059921e-02  9.510171001714593508e-01  5.577451334345517181e-04  4.235310379035530336e-03
2.500000000000000000e+03  4.588113720901978304e-02  9.491323072191362176e-01  6.026995292415955868e-04  4.383856042602460833e-03
2.600000000000000000e+03  4.756675439719960236e-02  9.472530531667352482e-01  6.492747985892386060e-04  4.530917637476017910e-03
2.700000000000000000e+03  4.924671674104555419e-02  9.453793172597380057e-01  6.974581418505855068e-04  4.676507857365979313e-03
2.800000000000000000e+03  5.092104501100104541e-02  9.435110788483529465e-01  7.472368479744843309e-04  4.820639292671642824e-03
2.900000000000000000e+03  5.258975988799498985e-02  9.416483173868472889e-01  7.985982938503136293e-04  4.963324431307478309e-03
3.000000000000000000e+03  5.425288196391631762e-02  9.397910124328839876e-01  8.515299436775350525e-04  5.104575659522219908e-03
3.100000000000000000e+03  5.591043174208547989e-02  9.379391436468631493e-01  9.060193483399749071e-04  5.244405262711460819e-03
3.200000000000000000e+03  5.756242963772295607e-02  9.360926907912685557e-01  9.620541447847977051e-04  5.382825426223800981e-03
3.300000000000000000e+03  5.920889597841476337e-02  9.342516337300186269e-01  1.019622055406135602e-03  5.519848236160592760e-03
3.400000000000000000e+03  6.084985100457502433e-02  9.324159524278223810e-01  1.078710887433338055e-03  5.655485680169340147e-03
3.500000000000000000e+03  6.248531486990559214e-02  9.305856269495398347e-01  1.139308532323806246e-03  5.789749648230800919e-03
3.600000000000000000e+03  6.411530764185274789e-02  9.287606374595470671e-01  1.201402965160376169e-03  5.922651933439843780e-03
3.700000000000000000e+03  6.573984930206103194e-02  9.269409642211057232e-01  1.264982244053216220e-03  6.054204232780101280e-03
3.800000000000000000e+03  6.735895974682415410e-02  9.251265875957371820e-01  1.330034509546203746e-03  6.184418147892480934e-03
3.900000000000000000e+03  6.897265878753311430e-02  9.233174880426016085e-01  1.396547984027746809e-03  6.313305185837570985e-03
4.000000000000000000e+03  7.058096615112138816e-02  9.215136461178806693e-01  1.464510971146016065e-03  6.440876759851996321e-03
4.100000000000000000e+03  7.218390148050743416e-02  9.197150424741653563e-01  1.533911855228553122e-03  6.567144190098768777e-03
4.200000000000000000e+03  7.378148433503427250e-02  9.179216578598479170e-01  1.604739100706222216e-03  6.692118704411684736e-03
4.300000000000000000e+03  7.537373419090638571e-02  9.161334731185184488e-01  1.676981251541471160e-03  6.815811439033806450e-03
4.400000000000000000e+03  7.696067044162381576e-02  9.143504691883653779e-01  1.750626930660867950e-03  6.938233439350086941e-03
4.500000000000000000e+03  7.854231239841354129e-02  9.125726271015806024e-01  1.825664839391881369e-03  7.059395660614176636e-03
4.600000000000000000e+03  8.011867929065813465e-02  9.107999279837687423e-01  1.902083756903871770e-03  7.179308968669458578e-03
4.700000000000000000e+03  8.168979026632174067e-02  9.090323530533608309e-01  1.979872539653259721e-03  7.297984140664359916e-03
4.800000000000000000e+03  8.325566439237334915e-02  9.072698836210320028e-01  2.059020120832841510e-03  7.415431865761985646e-03
4.900000000000000000e+03  8.481632065520743058e-02  9.055125010891234005e-01  2.139515509825217886e-03  7.531662745844114500e-03
5.000000000000000000e+03  8.637177796106193517e-02  9.037601869510683006e-01  2.221347791660306138e-03  7.646687296209608159e-03
5.100000000000000000e+03  8.792205513643362724e-02  9.020129227908223468e-01  2.304506126476901871e-03  7.760515946267276290e-03
5.200000000000000000e+03  8.946717092849090780e-02  9.002706902822977808e-01  2.388979748988261879e-03  7.873159040223233832e-03
5.300000000000000000e+03  9.100714400548395866e-02  8.985334711888017800e-01  2.474757967951675148e-03  7.984626837762808654e-03
5.400000000000000000e+03  9.254199295715237472e-02  8.968012473624787928e-01  2.561830165641992927e-03  8.094929514727027334e-03
5.500000000000000000e+03  9.407173629513024271e-02  8.950740007437570922e-01  2.650185797329085782e-03  8.204077163783735430e-03
5.600000000000000000e+03  9.559639245334866642e-02  8.933517133607988825e-01  2.739814390759197707e-03  8.312079795093378284e-03
5.700000000000000000e+03  9.711597978843582168e-02  8.916343673289546246e-01  2.830705545640169098e-03  8.418947336969509129e-03
5.800000000000000000e+03  9.863051658011449951e-02  8.899219448502211360e-01  2.922848933130497810e-03  8.524689636534037510e-03
5.900000000000000000e+03  1.001400210315971234e-01  8.882144282127035773e-01  3.016234295332206623e-03  8.629316460367285682e-03
6.000000000000000000e+03  1.016445112699784215e-01  8.865117997900814339e-01  3.110851444787491107e-03  8.732837495152873802e-03
6.100000000000000000e+03  1.031440053466255585e-01  8.848140420410780527e-01  3.206690263979117966e-03  8.835262348317485942e-03
6.200000000000000000e+03  1.046385212375658541e-01  8.831211375089342841e-01  3.303740704834543917e-03  8.936600548665558572e-03
6.300000000000000000e+03  1.061280768438721545e-01  8.814330688208854570e-01  3.401992788233726070e-03  9.036861547008924467e-03
6.400000000000000000e+03  1.076126899920457763e-01  8.797498186876424597e-01  3.501436603520599079e-03  9.136054716791453673e-03
6.500000000000000000e+03  1.090923784343970498e-01  8.780713699028762642e-01  3.602062308018186103e-03  9.234189354708736627e-03
6.600000000000000000e+03  1.105671598494235713e-01  8.763977053427065567e-01  3.703860126547319290e-03  9.331274681322849346e-03
6.700000000000000000e+03  1.120370518421860417e-01  8.747288079651931447e-01  3.806820350948939870e-03  9.427319841672221479e-03
6.800000000000000000e+03  1.135020719446818566e-01  8.730646608098319161e-01  3.910933339609951390e-03  9.522333905876673166e-03
6.900000000000000000e+03  1.149622376162163367e-01  8.714052469970537951e-01  4.016189516992598775e-03  9.616325869737641502e-03
7.000000000000000000e+03  1.164175662437716974e-01  8.697505497277276953e-01  4.122579373167345462e-03  9.709304655333638248e-03
7.100000000000000000e+03  1.178680751423736989e-01  8.681005522826664711e-01  4.230093463349224314e-03  9.801279111610973482e-03
7.200000000000000000e+03  1.193137815554561193e-01  8.664552380221368644e-01  4.338722407437630227e-03  9.892258014969797231e-03
7.300000000000000000e+03  1.207547026552228953e-01  8.648145903853725613e-01  4.448456889559532744e-03  9.982250069845469490e-03
7.400000000000000000e+03  1.221908555430080978e-01  8.631785928900909122e-01  4.559287657616083525e-03  1.007126390928532803e-02
7.500000000000000000e+03  1.236222572496336741e-01  8.615472291320133147e-01  4.671205522832586575e-03  1.015930809552086089e-02
7.600000000000000000e+03  1.250489247357649825e-01  8.599204827843882626e-01  4.784201359311810418e-03  1.024639112053533918e-02
7.700000000000000000e+03  1.264708748922642179e-01  8.582983375975186124e-01  4.898266103590615331e-03  1.033252140662694121e-02
7.800000000000000000e+03  1.278881245405415201e-01  8.566807773982916263e-01  5.013390754199870472e-03  1.041770730696739596e-02
7.900000000000000000e+03  1.293006904329040974e-01  8.550677860897124560e-01  5.129566371227634904e-03  1.050195710615619074e-02
8.000000000000000000e+03  1.307085892529031290e-01  8.534593476504412912e-01  5.246784075885576465e-03  1.058527902077037973e-02
8.100000000000000000e+03  1.321118376156785457e-01  8.518554461343331718e-01  5.365035050078608564e-03  1.066768119991001566e-02
8.200000000000000000e+03  1.335104520683017271e-01  8.502560656699816866e-01  5.484310535977711051e-03  1.074917172573925175e-02
8.300000000000000000e+03  1.349044490901161741e-01  8.486611904602651135e-01  5.604601835595923905e-03  1.082975861402314666e-02
8.400000000000000000e+03  1.362938450930759049e-01  8.470708047818967801e-01  5.725900310367473822e-03  1.090944981466019335e-02
8.500000000000000000e+03  1.376786564220820464e-01  8.454848929849776429e-01  5.848197380730025055e-03  1.098825321221062919e-02
8.600000000000000000e+03  1.390588993553172059e-01  8.439034394925526428e-01  5.971484525710016311e-03  1.106617662642053398e-02
8.700000000000000000e+03  1.404345901045777889e-01  8.423264288001697242e-01  6.095753282511075059e-03  1.114322781274177353e-02
8.800000000000000000e+03  1.418057448156044842e-01  8.407538454754426294e-01  6.220995246105471069e-03  1.121941446284780396e-02
8.900000000000000000e+03  1.431723795684105849e-01  8.391856741576158019e-01  6.347202068828593571e-03  1.129474420514538224e-02
9.000000000000000000e+03  1.445345103776083107e-01  8.376218995571333981e-01  6.474365459976431231e-03  1.136922460528220005e-02
9.100000000000000000e+03  1.458921531927332427e-01  8.360625064552105190e-01  6.602477185406027162e-03  1.144286316665049479e-02
9.200000000000000000e+03  1.472453238985668156e-01  8.345074797034079950e-01  6.731529067138882980e-03  1.151566733088664994e-02
9.300000000000000000e+03  1.485940383154566724e-01  8.329568042232095015e-01  6.861512982967301472e-03  1.158764447836682122e-02
9.400000000000000000e+03  1.499383121996353263e-01  8.314104650056026724e-01  6.992420866063633195e-03  1.165880192869863351e-02
9.500000000000000000e+03  1.512781612435367407e-01  8.298684471106620997e-01  7.124244704592408786e-03  1.172914694120895732e-02
9.600000000000000000e+03  1.526136010761110495e-01  8.283307356671359978e-01  7.256976541325337905e-03  1.179868671542781688e-02
9.700000000000000000e+03  1.539446472631373908e-01  8.267973158720351989e-01  7.390608473259151386e-03  1.186742839156844712e-02
9.800000000000000000e+03  1.552713153075347963e-01  8.252681729902255903e-01  7.525132651236259712e-03  1.193537905100353243e-02
9.900000000000000000e+03  1.565936206496713334e-01  8.237432923540229934e-01  7.660541279568214811e-03  1.200254571673766042e-02
1.000000000000000000e+04  1.579115786676712763e-01  8.222226593627909308e-01  7.796826615661947395e-03  1.206893535387602162e-02
1.010000000000000000e+04  1.592252046777204444e-01  8.207062594825416113e-01  7.933980969648760789e-03  1.213455487008938301e-02
1.020000000000000000e+04  1.605345139343698491e-01  8.191940782455389147e-01  8.071996704016058677e-03  1.219941111607535621e-02
1.030000000000000000e+04  1.618395216308372575e-01  8.176861012499051506e-01  8.210866233241792891e-03  1.226351088601601060e-02
1.040000000000000000e+04  1.631402428993072307e-01  8.161823141592295938e-01  8.350582023431597431e-03  1.232686091803183656e-02
1.050000000000000000e+04  1.644366928112291903e-01  8.146827027021803502e-01  8.491136591958601751e-03  1.238946789463210574e-02
1.060000000000000000e+04  1.657288863776137933e-01  8.131872526721188876e-01  8.632522507105888643e-03  1.245133844316164730e-02
1.070000000000000000e+04  1.670168385493274454e-01  8.116959499267171196e-01  8.774732387711597567e-03  1.251247913624407328e-02
1.080000000000000000e+04  1.683005642173851235e-01  8.102087803875770433e-01  8.917758902816626601e-03  1.257289649222147199e-02
1.090000000000000000e+04  1.695800782132415030e-01  8.087257300398531523e-01  9.061594771314933003e-03  1.263259697559061465e-02
1.100000000000000000e+04  1.708553953090802546e-01  8.072467849318778477e-01  9.206232761606409840e-03  1.269158699743568909e-02
1.110000000000000000e+04  1.721265302181016754e-01  8.057719311747886248e-01  9.351665691252307455e-03  1.274987291585758659e-02
1.120000000000000000e+04  1.733934975948085155e-01  8.043011549421587025e-01  9.497886426633192838e-03  1.280746103639978165e-02
1.130000000000000000e+04  1.746563120352903342e-01  8.028344424696296500e-01  9.644887882609426075e-03  1.286435761247082046e-02
1.140000000000000000e+04  1.759149880775059127e-01  8.013717800545467895e-01  9.792663022184124391e-03  1.292056884576344919e-02
1.150000000000000000e+04  1.771695402015641407e-01  7.999131540555971531e-01  9.941204856168606857e-03  1.297610088667040806e-02
1.160000000000000000e+04  1.784199828300031820e-01  7.984585508924498809e-01  1.009050644285029545e-02  1.303095983469692090e-02
1.170000000000000000e+04  1.796663303280680857e-01  7.970079570453992845e-01  1.024056088766305515e-02  1.308515173886990075e-02
1.180000000000000000e+04  1.809085970039865932e-01  7.955613590550099090e-01  1.039136134285994877e-02  1.313868259814389601e-02
1.190000000000000000e+04  1.821467971092434746e-01  7.941187435217647028e-01  1.054290100718840127e-02  1.319155836180381687e-02
1.200000000000000000e+04  1.833809448388531160e-01  7.926800971057150758e-01  1.069517312556773903e-02  1.324378492986444909e-02
1.210000000000000000e+04  1.846110543316306640e-01  7.912454065261338432e-01  1.084817098876909858e-02  1.329536815346679494e-02
1.220000000000000000e+04  1.858371396704613654e-01  7.898146585611700576e-01  1.100188793309767911e-02  1.334631383527125521e-02
1.230000000000000000e+04  1.870592148825685197e-01  7.883878400475068382e-01  1.115631734007732287e-02  1.339662772984768872e-02
1.240000000000000000e+04  1.882772939397797385e-01  7.869649378800208650e-01  1.131145263613741493e-02  1.344631554406236496e-02
1.250000000000000000e+04  1.894913907587917057e-01  7.855459390114447604e-01  1.146728729230206585e-02  1.349538293746183407e-02
1.260000000000000000e+04  1.907015192014332727e-01  7.841308304520318018e-01  1.162381482388157548e-02  1.354383552265375074e-02
1.270000000000000000e+04  1.919076930749271936e-01  7.827195992692224102e-01  1.178102879016615367e-02  1.359167886568466224e-02
1.280000000000000000e+04  1.931099261321501948e-01  7.813122325873135265e-01  1.193892279412188569e-02  1.363891848641479200e-02
1.290000000000000000e+04  1.943082320718915734e-01  7.799087175871300959e-01  1.209749048208891634e-02  1.368555985888983417e-02
1.300000000000000000e+04  1.955026245391102424e-01  7.785090415056985513e-01  1.225672554348184590e-02  1.373160841170979925e-02
1.310000000000000000e+04  1.966931171251903032e-01  7.771131916359228509e-01  1.241662171049231697e-02  1.377706952839491926e-02
1.320000000000000000e+04  1.978797233681952039e-01  7.757211553262627346e-01  1.257717275779377322e-02  1.382194854774863868e-02
1.330000000000000000e+04  1.990624567531202871e-01  7.743329199804139806e-01  1.273837250224837438e-02  1.386625076421772046e-02
1.340000000000000000e+04  2.002413307121439223e-01  7.729484730569908812e-01  1.290021480261605707e-02  1.390998142824948283e-02
1.350000000000000000e+04  2.014163586248771953e-01  7.715678020692112726e-01  1.306269355926571209e-02  1.395314574664619119e-02
1.360000000000000000e+04  2.025875538186121538e-01  7.701908945845831189e-01  1.322580271388847963e-02  1.399574888291663273e-02
1.370000000000000000e+04  2.037549295685685824e-01  7.688177382245937608e-01  1.338953624921313326e-02  1.403779595762489132e-02
1.380000000000000000e+04  2.049184990981393617e-01  7.674483206644011624e-01  1.355388818872353511e-02  1.407929204873634502e-02
1.390000000000000000e+04  2.060782755791344123e-01  7.660826296325269347e-01  1.371885259637816226e-02  1.412024219196090884e-02
1.400000000000000000e+04  2.072342721320232228e-01  7.647206529105520234e-01  1.388442357633166979e-02  1.416065138109354367e-02
1.410000000000000000e+04  2.083865018261759072e-01  7.633623783328139512e-01  1.405059527265848686e-02  1.420052456835205548e-02
1.420000000000000000e+04  2.095349776801030961e-01  7.620077937861067241e-01  1.421736186907842509e-02  1.423986666471221095e-02
1.430000000000000000e+04  2.106797126616941074e-01  7.606568872093818490e-01  1.438471758868429054e-02  1.427868254024016945e-02
1.440000000000000000e+04  2.118207196884540344e-01  7.593096465934525696e-01  1.455265669367147158e-02  1.431697702442228694e-02
1.450000000000000000e+04  2.129580116277393631e-01  7.579660599806992138e-01  1.472117348506950425e-02  1.435475490649227789e-02
1.460000000000000000e+04  2.140916012969921733e-01  7.566261154647767606e-01  1.489026230247558584e-02  1.439202093575578031e-02
1.470000000000000000e+04  2.152215014639731194e-01  7.552898011903248499e-01  1.505991752379002603e-02  1.442877982191233428e-02
1.480000000000000000e+04  2.163477248469929115e-01  7.539571053526790134e-01  1.523013356495362715e-02  1.446503623537479487e-02
1.490000000000000000e+04  2.174702841151426591e-01  7.526280161975844596e-01  1.540090487968697082e-02  1.450079480758620712e-02
1.500000000000000000e+04  2.185891918885227991e-01  7.513025220209117450e-01  1.557222595923159897e-02  1.453606013133414490e-02
1.510000000000000000e+04  2.197044607384706361e-01  7.499806111683740006e-01  1.574409133209308045e-02  1.457083676106256213e-02
1.520000000000000000e+04  2.208161031877867442e-01  7.486622720352464899e-01  1.591649556378593386e-02  1.460512921318114429e-02
1.530000000000000000e+04  2.219241317109599543e-01  7.473474930660877202e-01  1.608943325658041684e-02  1.463894196637220875e-02
1.540000000000000000e+04  2.230285587343911191e-01  7.460362627544628866e-01  1.626289904925114216e-02  1.467227946189515048e-02
1.550000000000000000e+04  2.241293966366155743e-01  7.447285696426687585e-01  1.643688761682752381e-02  1.470514610388847301e-02
1.560000000000000000e+04  2.252266577485243504e-01  7.434244023214605646e-01  1.661139367034602382e-02  1.473754625966940297e-02
1.570000000000000000e+04  2.263203543535841078e-01  7.421237494297808768e-01  1.678641195660421706e-02  1.476948426003112103e-02
1.580000000000000000e+04  2.274104986880558232e-01  7.408265996544902698e-01  1.696193725791661153e-02  1.480096439953763020e-02
1.590000000000000000e+04  2.284971029412122823e-01  7.395329417300995356e-01  1.713796439187226586e-02  1.483199093681626668e-02
1.600000000000000000e+04  2.295801792555542675e-01  7.382427644385040066e-01  1.731448821109413810e-02  1.486256809484788610e-02
1.610000000000000000e+04  2.306597397270255811e-01  7.369560566087197673e-01  1.749150360300019691e-02  1.489270006125473569e-02
1.620000000000000000e+04  2.317357964052267905e-01  7.356728071166211969e-01  1.766900548956625017e-02  1.492239098858602966e-02
1.630000000000000000e+04  2.328083612936278357e-01  7.343930048846807335e-01  1.784698882709049791e-02  1.495164499460125557e-02
1.640000000000000000e+04  2.338774463497793610e-01  7.331166388817099699e-01  1.802544860595978529e-02  1.498046616255121338e-02
1.650000000000000000e+04  2.349430634855229627e-01  7.318436981226029703e-01  1.820437985041753817e-02  1.500885854145682721e-02
1.660000000000000000e+04  2.360052245672001336e-01  7.305741716680810294e-01  1.838377761833339882e-02  1.503682614638572265e-02
1.670000000000000000e+04  2.370639414158600966e-01  7.293080486244390981e-01  1.856363700097450262e-02  1.506437295872660800e-02
1.680000000000000000e+04  2.381192258074664170e-01  7.280453181432939846e-01  1.874395312277842007e-02  1.509150292646146627e-02
1.690000000000000000e+04  2.391710894731025883e-01  7.267859694213344435e-01  1.892472114112773995e-02  1.511821996443557525e-02
1.700000000000000000e+04  2.402195440991762299e-01  7.255299917000724852e-01  1.910593624612627606e-02  1.514452795462538186e-02
1.710000000000000000e+04  2.412646013276224244e-01  7.242773742655967961e-01  1.928759366037688730e-02  1.517043074640423393e-02
1.720000000000000000e+04  2.423062727561056673e-01  7.230281064483278231e-01  1.946968863876090763e-02  1.519593215680599407e-02
1.730000000000000000e+04  2.433445699382208172e-01  7.217821776227738573e-01  1.965221646821916149e-02  1.522103597078655786e-02
1.740000000000000000e+04  2.443795043836929082e-01  7.205395772072896721e-01  1.983517246753456129e-02  1.524574594148328174e-02
1.750000000000000000e+04  2.454110875585758245e-01  7.193002946638359374e-01  2.001855198711627315e-02  1.527006579047234837e-02
1.760000000000000000e+04  2.464393308854498643e-01  7.180643194977410770e-01  2.020235040878543345e-02  1.529399920802407102e-02
1.770000000000000000e+04  2.474642457436182219e-01  7.168316412574636809e-01  2.038656314556241272e-02  1.531754985335616846e-02
1.780000000000000000e+04  2.484858434693023865e-01  7.156022495343574708e-01  2.057118564145560963e-02  1.534072135488502228e-02
1.790000000000000000e+04  2.495041353558364039e-01  7.143761339624373763e-01  2.075621337125176796e-02  1.536351731047492543e-02
1.800000000000000000e+04  2.505191326538601104e-01  7.131532842181471654e-01  2.094164184030779946e-02  1.538594128768534450e-02
1.810000000000000000e+04  2.515308465715112574e-01  7.119336900201288509e-01  2.112746658434410882e-02  1.540799682401621309e-02
1.820000000000000000e+04  2.525392882746166356e-01  7.107173411289930964e-01  2.131368316923939674e-02  1.542968742715126323e-02
1.830000000000000000e+04  2.535444688868820351e-01  7.095042273470919536e-01  2.150028719082694439e-02  1.545101657519942426e-02
1.840000000000000000e+04  2.545463994900812876e-01  7.082943385182923768e-01  2.168727427469236205e-02  1.547198771693428926e-02
1.850000000000000000e+04  2.555450911242440615e-01  7.070876645277517358e-01  2.187464007597279131e-02  1.549260427203167159e-02
1.860000000000000000e+04  2.565405547878428782e-01  7.058841953016945503e-01  2.206238027915754032e-02  1.551286963130527226e-02
1.870000000000000000e+04  2.575328014379789088e-01  7.046839208071906668e-01  2.225049059789015876e-02  1.553278715694046339e-02
1.880000000000000000e+04  2.585218419905668252e-01  7.034868310519352130e-01  2.243896677477193527e-02  1.555236018272620514e-02
1.890000000000000000e+04  2.595076873205185986e-01  7.022929160840296614e-01  2.262780458116679660e-02  1.557159201428511518e-02
1.900000000000000000e+04  2.604903482619262967e-01  7.011021659917645588e-01  2.281699981700760840e-02  1.559048592930170445e-02
1.910000000000000000e+04  2.614698356082438835e-01  6.999145709034035878e-01  2.300654831060387068e-02  1.560904517774878465e-02
1.920000000000000000e+04  2.624461601124680743e-01  6.987301209869691831e-01  2.319644591845077680e-02  1.562727298211207677e-02
1.930000000000000000e+04  2.634193324873180808e-01  6.975488064500293683e-01  2.338668852503966028e-02  1.564517253761302587e-02
1.940000000000000000e+04  2.643893634054145236e-01  6.963706175394860365e-01  2.357727204266978072e-02  1.566274701242983264e-02
1.950000000000000000e+04  2.653562634994571234e-01  6.951955445413648960e-01  2.376819241126146634e-02  1.567999954791672937e-02
1.960000000000000000e+04  2.663200433624017260e-01  6.940235777806064155e-01  2.395944559817058533e-02  1.569693325882149867e-02
1.970000000000000000e+04  2.672807135476362173e-01  6.928547076208584343e-01  2.415102759800436330e-02  1.571355123350126268e-02
1.980000000000000000e+04  2.682382845691553830e-01  6.916889244642698831e-01  2.434293443243849484e-02  1.572985653413653748e-02
1.990000000000000000e+04  2.691927669017349367e-01  6.905262187512861694e-01  2.453516215003557002e-02  1.574585219694359800e-02
2.000000000000000000e+04  2.701441709811046032e-01  6.893665809604456740e-01  2.472770682606480891e-02  1.576154123238513241e-02
2.010000000000000000e+04  2.710925072041202588e-01  6.882100016081776905e-01  2.492056456232306233e-02  1.577692662537922424e-02
2.020000000000000000e+04  2.720377859289350719e-01  6.870564712486013637e-01  2.511373148695711377e-02  1.579201133550666228e-02
2.030000000000000000e+04  2.729800174751697006e-01  6.859059804733267374e-01  2.530720375428723370e-02  1.580679829721658505e-02
2.040000000000000000e+04  2.739192121240817124e-01  6.847585199112560250e-01  2.550097754463199681e-02  1.582129042003051211e-02
2.050000000000000000e+04  2.748553801187339496e-01  6.836140802283872109e-01  2.569504906413434819e-02  1.583549058874470991e-02
2.060000000000000000e+04  2.757885316641620621e-01  6.824726521276183178e-01  2.588941454458891511e-02  1.584940166363097216e-02
2.070000000000000000e+04  2.767186769275410407e-01  6.813342263485528960e-01  2.608407024327054000e-02  1.586302648063578000e-02
2.080000000000000000e+04  2.776458260383510290e-01  6.801987936673072888e-01  2.627901244276403814e-02  1.587636785157788000e-02
2.090000000000000000e+04  2.785699890885420249e-01  6.790663448963187854e-01  2.647423745079517318e-02  1.588942856434428022e-02
2.100000000000000000e+04  2.794911761326978605e-01  6.779368708841548852e-01  2.666974160006282957e-02  1.590221138308467799e-02
2.110000000000000000e+04  2.804093971881991831e-01  6.768103625153243375e-01  2.686552124807238193e-02  1.591471904840434035e-02
2.120000000000000000e+04  2.813246622353856585e-01  6.756868107100888476e-01  2.706157277697024063e-02  1.592695427755544402e-02
2.130000000000000000e+04  2.822369812177172865e-01  6.745662064242764488e-01  2.725789259337958736e-02  1.593891976462688889e-02
2.140000000000000000e+04  2.831463640419347727e-01  6.734485406490955395e-01  2.745447712823727987e-02  1.595061818073258489e-02
2.150000000000000000e+04  2.840528205782191784e-01  6.723338044109509193e-01  2.765132283663189125e-02  1.596205217419824698e-02
2.160000000000000000e+04  2.849563606603504606e-01  6.712219887712601585e-01  2.784842619764292884e-02  1.597322437074668797e-02
2.170000000000000000e+04  2.858569940858655123e-01  6.701130848262718542e-01  2.804578371418117028e-02  1.598413737368164014e-02
2.180000000000000000e+04  2.867547306162152032e-01  6.690070837068847753e-01  2.824339191283015832e-02  1.599479376407009906e-02
2.190000000000000000e+04  2.876495799769204220e-01  6.679039765784677840e-01  2.844124734368879207e-02  1.600519610092322048e-02
2.200000000000000000e+04  2.885415518577275074e-01  6.668037546406818672e-01  2.863934658021504917e-02  1.601534692137576363e-02
2.210000000000000000e+04  2.894306559127627909e-01  6.657064091273025008e-01  2.883768621907081831e-02  1.602524874086410159e-02
2.220000000000000000e+04  2.903169017606863078e-01  6.646119313060432354e-01  2.903626287996782102e-02  1.603490405330281615e-02
2.230000000000000000e+04  2.912002989848446188e-01  6.635203124783810580e-01  2.923507320551464034e-02  1.604431533125987019e-02
2.240000000000000000e+04  2.920808571334230219e-01  6.624315439793819760e-01  2.943411386106480759e-02  1.605348502613039227e-02
2.250000000000000000e+04  2.929585857195967091e-01  6.613456171775284886e-01  2.963338153456598900e-02  1.606241556830905956e-02
2.260000000000000000e+04  2.938334942216812573e-01  6.602625234745476135e-01  2.983287293641022353e-02  1.607110936736111037e-02
2.270000000000000000e+04  2.947055920832823417e-01  6.591822543052405781e-01  3.003258479928522934e-02  1.607956881219199663e-02
2.280000000000000000e+04  2.955748887134447278e-01  6.581048011373130668e-01  3.023251387802675105e-02  1.608779627121566247e-02
2.290000000000000000e+04  2.964413934868000977e-01  6.570301554712066894e-01  3.043265694947196176e-02  1.609579409252149054e-02
2.300000000000000000e+04  2.973051157437146541e-01  6.559583088399317807e-01  3.063301081231388848e-02  1.610356460403990914e-02
2.310000000000000000e+04  2.981660647904355033e-01  6.548892528089012011e-01  3.083357228695687499e-02  1.611111011370668089e-02
2.320000000000000000e+04  2.990242498992365383e-01  6.538229789757648014e-01  3.103433821537305778e-02  1.611843290962586620e-02
2.330000000000000000e+04  2.998796803085633789e-01  6.527594789702455547e-01  3.123530546095986196e-02  1.612553526023149941e-02
2.340000000000000000e+04  3.007323652231775890e-01  6.516987444539762420e-01  3.143647090839848945e-02  1.613241941444795366e-02
2.350000000000000000e+04  3.015823138143003401e-01  6.506407671203374710e-01  3.163783146351342029e-02  1.613908760184903923e-02
2.360000000000000000e+04  3.024295352197549636e-01  6.495855386942965826e-01  3.183938405313288533e-02  1.614554203281581835e-02
2.370000000000000000e+04  3.032740385441090591e-01  6.485330509322476678e-01  3.204112562495034511e-02  1.615178489869317086e-02
2.380000000000000000e+04  3.041158328588157711e-01  6.474832956218524727e-01  3.224305314738692280e-02  1.615781837194509019e-02
2.390000000000000000e+04  3.049549272023541202e-01  6.464362645818825248e-01  3.244516360945481209e-02  1.616364460630875105e-02
2.400000000000000000e+04  3.057913305803691140e-01  6.453919496620621477e-01  3.264745402062164265e-02  1.616926573694733513e-02
2.410000000000000000e+04  3.066250519658104690e-01  6.443503427429122521e-01  3.284992141067581695e-02  1.617468388060164242e-02
2.420000000000000000e+04  3.074561002990712222e-01  6.433114357355956825e-01  3.305256282959277009e-02  1.617990113574049177e-02
2.430000000000000000e+04  3.082844844881251767e-01  6.422752205817628957e-01  3.325537534740217321e-02  1.618491958270989670e-02
2.440000000000000000e+04  3.091102134086638475e-01  6.412416892533990831e-01  3.345835605405608759e-02  1.618974128388107545e-02
2.450000000000000000e+04  3.099332959042327418e-01  6.402108337526720705e-01  3.366150205929801381e-02  1.619436828379726065e-02
2.460000000000000000e+04  3.107537407863666390e-01  6.391826461117812164e-01  3.386481049253289854e-02  1.619880260931933630e-02
2.470000000000000000e+04  3.115715568347246500e-01  6.381571183928070878e-01  3.406827850269800867e-02  1.620304626977031592e-02
2.480000000000000000e+04  3.123867527972241098e-01  6.371342426875625797e-01  3.427190325813475602e-02  1.620710125707864810e-02
2.490000000000000000e+04  3.131993373901740818e-01  6.361140111174442557e-01  3.447568194646137563e-02  1.621096954592039785e-02
2.500000000000000000e+04  3.140093192984079740e-01  6.350964158332853549e-01  3.467961177444652682e-02  1.621465309386026926e-02
2.510000000000000000e+04  3.148167071754156554e-01  6.340814490152092420e-01  3.488368996788377557e-02  1.621815384149151093e-02
2.520000000000000000e+04  3.156215096434747402e-01  6.330691028724837466e-01  3.508791377146694423e-02  1.622147371257469731e-02
2.530000000000000000e+04  3.164237352937813719e-01  6.320593696433770559e-01  3.529228044866633551e-02  1.622461461417540329e-02
2.540000000000000000e+04  3.172233926865800635e-01  6.310522415950134967e-01  3.549678728160583080e-02  1.622757843680076861e-02
2.550000000000000000e+04  3.180204903512931502e-01  6.300477110232312050e-01  3.570143157094084196e-02  1.623036705453497625e-02
2.560000000000000000e+04  3.188150367866495194e-01  6.290457702524399064e-01  3.590621063573709582e-02  1.623298232517364145e-02
2.570000000000000000e+04  3.196070404608123972e-01  6.280464116354803616e-01  3.611112181335032062e-02  1.623542609035712875e-02
2.580000000000000000e+04  3.203965098115069687e-01  6.270496275534838126e-01  3.631616245930670284e-02  1.623770017570278987e-02
2.590000000000000000e+04  3.211834532461468883e-01  6.260554104157329824e-01  3.652132994718422510e-02  1.623980639093615744e-02
2.600000000000000000e+04  3.219678791419605668e-01  6.250637526595237414e-01  3.672662166849482296e-02  1.624174653002108740e-02
2.610000000000000000e+04  3.227497958461163496e-01  6.240746467500276617e-01  3.693203503256734660e-02  1.624352237128883977e-02
2.620000000000000000e+04  3.235292116758474168e-01  6.230880851801552378e-01  3.713756746643136208e-02  1.624513567756614985e-02
2.630000000000000000e+04  3.243061349185760167e-01  6.221040604704202170e-01  3.734321641470173675e-02  1.624658819630225501e-02
2.640000000000000000e+04  3.250805738320368121e-01  6.211225651688044858e-01  3.754897933946404337e-02  1.624788165969491549e-02
2.650000000000000000e+04  3.258525366443999483e-01  6.201435918506241762e-01  3.775485372016076924e-02  1.624901778481541506e-02
2.660000000000000000e+04  3.266220315543931774e-01  6.191671331183962179e-01  3.796083705347828852e-02  1.624999827373257294e-02
2.670000000000000000e+04  3.273890667314236502e-01  6.181931816017062209e-01  3.816692685323466033e-02  1.625082481363574957e-02
2.680000000000000000e+04  3.281536503156988194e-01  6.172217299570764704e-01  3.837312065026816932e-02  1.625149907695687401e-02
2.690000000000000000e+04  3.289157904183468983e-01  6.162527708678352534e-01  3.857941599232665025e-02  1.625202272149148947e-02
2.700000000000000000e+04  3.296754951215368212e-01  6.152862970439870738e-01  3.878581044395760374e-02  1.625239739051883084e-02
2.710000000000000000e+04  3.304327724785972586e-01  6.143223012220830892e-01  3.899230158639904742e-02  1.625262471292093780e-02
2.720000000000000000e+04  3.311876305141353560e-01  6.133607761650929913e-01  3.919888701747113735e-02  1.625270630330081720e-02
2.730000000000000000e+04  3.319400772241546949e-01  6.124017146622774410e-01  3.940556435146853193e-02  1.625264376209965139e-02
2.740000000000000000e+04  3.326901205761728098e-01  6.114451095290609484e-01  3.961233121905351207e-02  1.625243867571307330e-02
2.750000000000000000e+04  3.334377685093379284e-01  6.104909536069060838e-01  3.981918526714983697e-02  1.625209261660650814e-02
2.760000000000000000e+04  3.341830289345452121e-01  6.095392397631882453e-01  4.002612415883734232e-02  1.625160714342958196e-02
2.770000000000000000e+04  3.349259097345524960e-01  6.085899608910709802e-01  4.023314557324723928e-02  1.625098380112962454e-02
2.780000000000000000e+04  3.356664187640954200e-01  6.076431099093825283e-01  4.044024720545818380e-02  1.625022412106425646e-02
2.790000000000000000e+04  3.364045638500017810e-01  6.066986797624924765e-01  4.064742676639303276e-02  1.624932962111307055e-02
2.800000000000000000e+04  3.371403527913056641e-01  6.057566634201899669e-01  4.085468198271630796e-02  1.624830180578842181e-02
2.810000000000000000e+04  3.378737933593606857e-01  6.048170538775619054e-01  4.106201059673240256e-02  1.624714216634532901e-02
2.820000000000000000e+04  3.386048932979529025e-01  6.038798441548725027e-01  4.126941036628445358e-02  1.624585218089048821e-02
2.830000000000000000e+04  3.393336603234129445e-01  6.029450272974430369e-01  4.147687906465392926e-02  1.624443331449042238e-02
2.840000000000000000e+04  3.400601021247278699e-01  6.020125963755327270e-01  4.168441448046092401e-02  1.624288701927875320e-02
2.850000000000000000e+04  3.407842263636521873e-01  6.010825444842203824e-01  4.189201441756511268e-02  1.624121473456261594e-02
2.860000000000000000e+04  3.415060406748184896e-01  6.001548647432861650e-01  4.209967669496739867e-02  1.623941788692821742e-02
2.870000000000000000e+04  3.422255526658474767e-01  5.992295502970950150e-01  4.230739914671224206e-02  1.623749789034555774e-02
2.880000000000000000e+04  3.429427699174574795e-01  5.983065943144798560e-01  4.251517962179066773e-02  1.623545614627229863e-02
2.890000000000000000e+04  3.436576999835733726e-01  5.973859899886262426e-01  4.272301598404391887e-02  1.623329404375679907e-02
2.900000000000000000e+04  3.443703503914350428e-01  5.964677305369571192e-01  4.293090611206781121e-02  1.623101295954033907e-02
2.910000000000000000e+04  3.450807286417053033e-01  5.955518092010188003e-01  4.313884789911768408e-02  1.622861425815849690e-02
2.920000000000000000e+04  3.457888422085771407e-01  5.946382192463673944e-01  4.334683925301408003e-02  1.622609929204173879e-02
2.930000000000000000e+04  3.464946985398805746e-01  5.937269539624555614e-01  4.355487809604900729e-02  1.622346940161518286e-02
2.940000000000000000e+04  3.471983050571890717e-01  5.928180066625208244e-01  4.376296236489288921e-02  1.622072591539757205e-02
2.950000000000000000e+04  3.478996691559252397e-01  5.919113706834735478e-01  4.397109001050212435e-02  1.621787015009944558e-02
2.960000000000000000e+04  3.485987982054659651e-01  5.910070393857865811e-01  4.417925899802729872e-02  1.621490341072052976e-02
2.970000000000000000e+04  3.492956995492474404e-01  5.901050061533845703e-01  4.438746730672202268e-02  1.621182699064632748e-02
2.980000000000000000e+04  3.499903805048691363e-01  5.892052643935349332e-01  4.459571292985237828e-02  1.620864217174396854e-02
2.990000000000000000e+04  3.506828483641976635e-01  5.883078075367385029e-01  4.480399387460702598e-02  1.620535022445724477e-02
3.000000000000000000e+04  3.513731103934699673e-01  5.874126290366217251e-01  4.501230816200786633e-02  1.620195240790092348e-02
3.010000000000000000e+04  3.520611738333960239e-01  5.865197223698288553e-01  4.522065382682138174e-02  1.619844996995426986e-02
3.020000000000000000e+04  3.527470458992610358e-01  5.856290810359151555e-01  4.542902891747052641e-02  1.619484414735384084e-02
3.030000000000000000e+04  3.534307337810271843e-01  5.847406985572405347e-01  4.563743149594724768e-02  1.619113616578551906e-02
3.040000000000000000e+04  3.541122446434349369e-01  5.838545684788641887e-01  4.584585963772561112e-02  1.618732723997581488e-02
3.050000000000000000e+04  3.547915856261035228e-01  5.829706843684391293e-01  4.605431143167550145e-02  1.618341857378243626e-02
3.060000000000000000e+04  3.554687638436314634e-01  5.820890398161080448e-01  4.626278497997691336e-02  1.617941136028411969e-02
3.070000000000000000e+04  3.561437863856962149e-01  5.812096284343997166e-01  4.647127839803483901e-02  1.617530678186974991e-02
3.080000000000000000e+04  3.568166603171533113e-01  5.803324438581256572e-01  4.667978981439473152e-02  1.617110601032676134e-02
3.090000000000000000e+04  3.574873926781353961e-01  5.794574797442776370e-01  4.688831737065855126e-02  1.616681020692882498e-02
