0.000000000000000000e+00  1.598365599349734585e-03  9.899999999999999911e-01  0.000000000000000000e+00  8.401634400650262804e-03
1.000000000000000000e+02  3.175637997527602438e-03  9.801027297414112160e-01  2.729741411189938106e-06  1.671890251965001128e-02
2.000000000000000000e+02  4.732053186637338350e-03  9.703071264551964559e-01  8.126455196453824723e-06  2.495269390296974560e-02
3.000000000000000000e+02  6.267844605358018767e-03  9.606121383957360038e-01  1.612839573600867893e-05  3.310388860316995641e-02
4.000000000000000000e+02  7.783243166361918618e-03  9.510167247263142665e-01  2.667482631421940644e-05  4.117335728100963294e-02
5.000000000000000000e+02  9.278477283438491680e-03  9.415198554057975233e-01  3.970600479748531448e-05  4.916196130596652697e-02
6.000000000000000000e+02  1.075377289832761887e-02  9.321205110764908541e-01  5.516316950079520865e-05  5.707055285568077979e-02
7.000000000000000000e+02  1.220935350726524288e-02  9.228176829531606895e-01  7.298852524057725479e-05  6.489997501433349136e-02
8.000000000000000000e+02  1.364544018724447166e-02  9.136103727132124375e-01  9.312522957149874710e-05  7.265106186997162541e-02
9.000000000000000000e+02  1.506225162199518672e-02  9.044975923880094193e-01  1.155173792048995896e-04  8.032463861079051914e-02
1.000000000000000000e+03  1.646000412768519258e-02  8.954783642553230116e-01  1.401099966065714347e-04  8.792152162038521790e-02
1.100000000000000000e+03  1.783891167834587843e-02  8.865517207329008942e-01  1.668490167716226119e-04  9.544251857198159106e-02
1.200000000000000000e+03  1.919918593102534071e-02  8.777167042731421898e-01  1.956812741741963254e-04  1.028884285216582761e-01
1.300000000000000000e+03  2.054103625067189159e-02  8.689723672588681724e-01  2.265544898898367990e-04  1.102600420005701159e-01
1.400000000000000000e+03  2.186466973475085021e-02  8.603177719001768864e-01  2.594172588883255585e-04  1.175581411061839693e-01
1.500000000000000000e+03  2.317029123759745124e-02  8.517519901323704623e-01  2.942190374948357645e-04  1.247834995925372337e-01
1.600000000000000000e+03  2.445810339450873311e-02  8.432741035149441400e-01  3.309101310172797767e-04  1.319368829595298220e-01
1.700000000000000000e+03  2.572830664557715710e-02  8.348832031316253399e-01  3.694416815377502558e-04  1.390190485412597377e-01
1.800000000000000000e+03  2.698109925926877456e-02  8.265783894914526808e-01  4.097656558659814024e-04  1.460307455934125309e-01
1.900000000000000000e+03  2.821667735574863792e-02  8.183587724308836187e-01  4.518348336527821391e-04  1.529727153797149353e-01
2.000000000000000000e+03  2.943523492995617913e-02  8.102234710169199383e-01  4.956027956614177631e-04  1.598456912574624245e-01
2.100000000000000000e+03  3.063696387443324773e-02  8.021716134512408836e-01  5.410239121949419376e-04  1.666503987621308913e-01
2.200000000000000000e+03  3.182205400190743494e-02  7.942023369753330453e-01  5.880533316775050706e-04  1.733875556910820515e-01
2.300000000000000000e+03  3.299069306763331016e-02  7.863147877766066829e-01  6.366469693876890875e-04  1.800578721863723697e-01
2.400000000000000000e+03  3.414306679149420320e-02  7.785081208954887089e-01  6.867614963419427319e-04  1.866620508166751680e-01
2.500000000000000000e+03  3.527935887986701630e-02  7.707815001334815674e-01  7.383543283262159179e-04  1.932007866583252687e-01
2.600000000000000000e+03  3.639975104725269583e-02  7.631340979621776821e-01  7.913836150739128042e-04  1.996747673754957486e-01
2.700000000000000000e+03  3.750442303767480973e-02  7.555650954332210345e-01  8.458082295883088443e-04  2.060846732995158803e-01
2.800000000000000000e+03  3.859355264584873185e-02  7.480736820892039951e-01  9.015877576075981021e-04  2.124311775073396968e-01
2.900000000000000000e+03  3.966731573812392470e-02  7.406590558754911902e-01  9.586824872107604315e-04  2.187149458991741457e-01
3.000000000000000000e+03  4.072588627320169324e-02  7.333204230529600798e-01  1.017053398562460130e-03  2.249366372752757692e-01
3.100000000000000000e+03  4.176943632263087347e-02  7.260569981116488103e-01  1.076662153795209355e-03  2.310969034119250698e-01
3.200000000000000000e+03  4.279813609108377298e-02  7.188680036853021260e-01  1.137471087027051722e-03  2.371963891365870269e-01
3.300000000000000000e+03  4.381215393641478550e-02  7.117526704668053483e-01  1.199443194513042515e-03  2.432357324022667855e-01
3.400000000000000000e+03  4.481165638950395519e-02  7.047102371244982066e-01  1.262542124928824191e-03  2.492155643610689808e-01
3.500000000000000000e+03  4.579680817388783604e-02  6.977399502193583070e-01  1.326732169784614924e-03  2.551365094369691944e-01
3.600000000000000000e+03  4.676777222517986693e-02  6.908410641230459115e-01  1.391978253967949631e-03  2.609991853978062548e-01
3.700000000000000000e+03  4.772470971028258679e-02  6.840128409368007034e-01  1.458245926413534585e-03  2.668042034265031281e-01
3.800000000000000000e+03  4.866778004639388949e-02  6.772545504111818770e-01  1.525501350898594106e-03  2.725521681915255567e-01
3.900000000000000000e+03  4.959714091980948342e-02  6.705654698666425606e-01  1.593711296962110760e-03  2.782436779165857743e-01
4.000000000000000000e+03  5.051294830452382478e-02  6.639448841149300229e-01  1.662843130946377443e-03  2.838793244495996793e-01
4.100000000000000000e+03  5.141535648063162711e-02  6.573920853813031151e-01  1.732864807159300961e-03  2.894596933309058762e-01
4.200000000000000000e+03  5.230451805253208408e-02  6.509063732275582881e-01  1.803744859155916253e-03  2.949853638607536355e-01
4.300000000000000000e+03  5.318058396693792211e-02  6.444870544758559694e-01  1.875452391137587705e-03  3.004569091660684865e-01
4.400000000000000000e+03  5.404370353069141292e-02  6.381334431333386403e-01  1.947957069467393587e-03  3.058748962665025495e-01
4.500000000000000000e+03  5.489402442838936524e-02  6.318448603175327305e-01  2.021229114300208875e-03  3.112398861397776550e-01
4.600000000000000000e+03  5.573169273981914973e-02  6.256206341825262252e-01  2.095239291326020208e-03  3.165524337863285798e-01
4.700000000000000000e+03  5.655685295720781075e-02  6.194600998459132146e-01  2.169958903625020339e-03  3.218130882932538905e-01
4.800000000000000000e+03  5.736964800228626371e-02  6.133625993164983914e-01  2.245359783633057472e-03  3.270223928975822258e-01
4.900000000000000000e+03  5.817021924317049980e-02  6.073274814227527241e-01  2.321414285216020015e-03  3.321808850488607301e-01
5.000000000000000000e+03  5.895870651106183830e-02  6.013541017420130919e-01  2.398095275851763568e-03  3.372890964710732464e-01
5.100000000000000000e+03  5.973524811676814150e-02  5.954418225304178858e-01  2.475376128918202120e-03  3.423475532238957064e-01
5.200000000000000000e+03  6.049998086704785893e-02  5.895900126535709163e-01  2.553230716086199968e-03  3.473567757632949893e-01
5.300000000000000000e+03  6.125304008077888523e-02  5.837980475179257445e-01  2.631633399815921665e-03  3.523172790014793554e-01
5.400000000000000000e+03  6.199455960495402901e-02  5.780653090028839980e-01  2.710559025955309054e-03  3.572295723662065603e-01
5.500000000000000000e+03  6.272467183050502160e-02  5.723911853935987892e-01  2.789982916439376955e-03  3.620941598594566990e-01
5.600000000000000000e+03  6.344350770795681438e-02  5.667750713144767971e-01  2.869880862089029070e-03  3.669115401154772194e-01
5.700000000000000000e+03  6.415119676291410056e-02  5.612163676633720177e-01  2.950229115508116919e-03  3.716822064582056551e-01
5.800000000000000000e+03  6.484786711138175452e-02  5.557144815464627463e-01  3.031004384077475890e-03  3.764066469580779062e-01
5.900000000000000000e+03  6.553364547492100678e-02  5.502688262138061281e-01  3.112183823044692866e-03  3.810853444882280616e-01
6.000000000000000000e+03  6.620865719564313079e-02  5.448788209955621742e-01  3.193745028708371621e-03  3.857187767800862033e-01
6.100000000000000000e+03  6.687302625104235565e-02  5.395438912388809127e-01  3.275666031695676893e-03  3.903074164783809086e-01
6.200000000000000000e+03  6.752687526866973933e-02  5.342634682454453499e-01  3.357925290331960182e-03  3.948517311955527798e-01
6.300000000000000000e+03  6.817032554064975103e-02  5.290369892096635773e-01  3.440501684101273782e-03  3.993521835655852725e-01
6.400000000000000000e+03  6.880349703804111705e-02  5.238638971575032555e-01  3.523374507196604718e-03  4.038092312972588749e-01
6.500000000000000000e+03  6.942650842504374809e-02  5.187436408859622539e-01  3.606523462158669775e-03  4.082233272268351865e-01
6.600000000000000000e+03  7.003947707305335779e-02  5.136756749031676783e-01  3.689928653602126286e-03  4.125949193701767270e-01
6.700000000000000000e+03  7.064251907456528534e-02  5.086594593690979549e-01  3.773570582028071968e-03  4.169244509743085803e-01
6.800000000000000000e+03  7.123574925692932602e-02  5.036944600369208658e-01  3.857430137721716210e-03  4.212123605684279237e-01
6.900000000000000000e+03  7.181928119595705484e-02  4.987801481949412641e-01  3.941488594734122129e-03  4.254590820143673846e-01
7.000000000000000000e+03  7.239322722938318355e-02  4.939160006091520283e-01  4.025727604946932603e-03  4.296650445565177168e-01
7.100000000000000000e+03  7.295769847018264420e-02  4.891014994663820392e-01  4.110129192219003427e-03  4.338306728712161831e-01
7.200000000000000000e+03  7.351280481974487024e-02  4.843361323180352951e-01  4.194675746613885439e-03  4.379563871156058052e-01
7.300000000000000000e+03  7.405865498090674626e-02  4.796193920244142817e-01  4.279350018707105650e-03  4.420426029759716990e-01
7.400000000000000000e+03  7.459535647084589161e-02  4.749507766996223235e-01  4.364135113972215235e-03  4.460897317155593789e-01
7.500000000000000000e+03  7.512301563383563807e-02  4.703297896570381997e-01  4.449014487244578285e-03  4.500981802218814165e-01
7.600000000000000000e+03  7.564173765386320025e-02  4.657559393553575844e-01  4.533971937261897789e-03  4.540683510535171719e-01
7.700000000000000000e+03  7.615162656711262079e-02  4.612287393451952044e-01  4.618991601280478775e-03  4.580006424864115355e-01
7.800000000000000000e+03  7.665278527431379496e-02  4.567477082162418323e-01  4.704057949766244154e-03  4.618954485596779569e-01
7.900000000000000000e+03  7.714531555295911502e-02  4.523123695449703385e-01  4.789155781159532693e-03  4.657531591209108091e-01
8.000000000000000000e+03  7.762931806938903889e-02  4.479222518428854216e-01  4.874270216712721544e-03  4.695741598710126419e-01
8.100000000000000000e+03  7.810489239074812351e-02  4.435768885053106847e-01  4.959386695399720102e-03  4.733588324085412635e-01
8.200000000000000000e+03  7.857213699681284136e-02  4.392758177607082870e-01  5.044490968896405379e-03  4.771075542735823127e-01
8.300000000000000000e+03  7.903114929169249847e-02  4.350185826205248407e-01  5.129569096631069088e-03  4.808206989911514295e-01
8.400000000000000000e+03  7.948202561540473887e-02  4.308047308295587796e-01  5.214607440903969160e-03  4.844986361141323528e-01
8.500000000000000000e+03  7.992486125532688446e-02  4.266338148168433708e-01  5.299592662075080195e-03  4.881417312657545526e-01
8.600000000000000000e+03  8.035975045752447032e-02  4.225053916470397630e-01  5.384511713819154638e-03  4.917503461816165045e-01
8.700000000000000000e+03  8.078678643795828007e-02  4.184190229723356302e-01  5.469351838447216937e-03  4.953248387512587669e-01
8.800000000000000000e+03  8.120606139357121334e-02  4.143742749848431384e-01  5.554100562293619835e-03  4.988655630592919166e-01
8.900000000000000000e+03  8.161766651325623456e-02  4.103707183694918492e-01  5.638745691167807578e-03  5.023728694260840566e-01
9.000000000000000000e+03  8.202169198870673528e-02  4.064079282574107332e-01  5.723275305869941244e-03  5.058471044480125078e-01
9.100000000000000000e+03  8.241822702515047561e-02  4.024854841797949057e-01  5.807677757769547436e-03  5.092886110372849551e-01
9.200000000000000000e+03  8.280735985196840954e-02  3.986029700222514793e-01  5.891941664446367216e-03  5.126977284613336572e-01
9.300000000000000000e+03  8.318917773319971232e-02  3.947599739796196494e-01  5.976055905392587374e-03  5.160747923817879945e-01
9.400000000000000000e+03  8.356376697793402308e-02  3.909560885112604578e-01  6.060009617775657768e-03  5.194201348930298501e-01
9.500000000000000000e+03  8.393121295059231823e-02  3.871909102968108529e-01  6.143792192260887249e-03  5.227340845603359876e-01
9.600000000000000000e+03  8.429160008109747027e-02  3.834640401923974928e-01  6.227393268893044453e-03  5.260169664576119786e-01
9.700000000000000000e+03  8.464501187493574108e-02  3.797750831873055732e-01  6.310802733036183741e-03  5.292691022047224525e-01
9.800000000000000000e+03  8.499153092311038937e-02  3.761236483610976289e-01  6.394010711370933832e-03  5.324908100044210002e-01
9.900000000000000000e+03  8.533123891198847455e-02  3.725093488411779230e-01  6.477007567948486755e-03  5.356824046788850602e-01
1.000000000000000000e+04  8.566421663304209233e-02  3.689318017607977063e-01  6.559783900300555047e-03  5.388441977058595622e-01
1.010000000000000000e+04  8.599054399248508285e-02  3.653906282174967379e-01  6.642330535604544332e-03  5.419764972544135473e-01
1.020000000000000000e+04  8.631030002080641861e-02  3.618854532319765172e-01  6.724638526903225708e-03  5.450796082203137605e-01
1.030000000000000000e+04  8.662356288220134093e-02  3.584159057074007282e-01  6.806699149378185425e-03  5.481538322610196579e-01
1.040000000000000000e+04  8.693040988390128565e-02  3.549816183891186805e-01  6.888503896676343233e-03  5.511994678303036022e-01
1.050000000000000000e+04  8.723091748540377777e-02  3.515822278248067478e-01  6.970044477288839420e-03  5.542168102125005769e-01
1.060000000000000000e+04  8.752516130760336355e-02  3.482173743250243092e-01  7.051312810981597533e-03  5.572061515563906386e-01
1.070000000000000000e+04  8.781321614182448221e-02  3.448867019241791954e-01  7.132301025276883630e-03  5.601677809087193260e-01
1.080000000000000000e+04  8.809515595875758165e-02  3.415898583418984780e-01  7.213001451985182923e-03  5.631019842473586889e-01
1.090000000000000000e+04  8.837105391729928316e-02  3.383264949448008818e-01  7.293406623786735481e-03  5.660090445141130466e-01
1.100000000000000000e+04  8.864098237329777474e-02  3.350962667086660463e-01  7.373509270862067463e-03  5.688892416471740265e-01
1.110000000000000000e+04  8.890501288820437664e-02  3.318988321809968056e-01  7.453302317570869966e-03  5.717428526132278810e-01
1.120000000000000000e+04  8.916321623763229232e-02  3.287338534439702697e-01  7.532778879178587961e-03  5.745701514392187459e-01
1.130000000000000000e+04  8.941566241982357166e-02  3.256009960777738743e-01  7.611932258630086170e-03  5.773714092437723933e-01
1.140000000000000000e+04  8.966242066402524413e-02  3.224999291243221267e-01  7.690755943369760421e-03  5.801468942682828089e-01
1.150000000000000000e+04  8.990355943877556544e-02  3.194303250513503278e-01  7.769243602207490801e-03  5.828968719076665916e-01
1.160000000000000000e+04  9.013914646010141862e-02  3.163918597168812186e-01  7.847389082229814725e-03  5.856216047407875047e-01
1.170000000000000000e+04  9.036924869962777163e-02  3.133842123340606078e-01  7.925186405755726624e-03  5.883213525605558436e-01
1.180000000000000000e+04  9.059393239260010722e-02  3.104070654363583204e-01  8.002629767336509256e-03  5.909963724037049504e-01
1.190000000000000000e+04  9.081326304582083841e-02  3.074601048431305772e-01  8.079713530799002494e-03  5.936469185802494275e-01
1.200000000000000000e+04  9.102730544550051428e-02  3.045430196255400346e-01  8.156432226331753604e-03  5.962732427026276039e-01
1.210000000000000000e+04  9.123612366502488469e-02  3.016555020728296510e-01  8.232780547613442745e-03  5.988755937145319175e-01
1.220000000000000000e+04  9.143978107263858734e-02  2.987972476589471071e-01  8.308753348983054579e-03  6.014542179194312110e-01
1.230000000000000000e+04  9.163834033904637300e-02  2.959679550095156153e-01  8.384345642651216610e-03  6.040093590087867170e-01
1.240000000000000000e+04  9.183186344493286801e-02  2.931673258691478989e-01  8.459552595952161275e-03  6.065412580899669504e-01
1.250000000000000000e+04  9.202041168840159602e-02  2.903950650690995672e-01  8.534369528635772292e-03  6.090501537138629518e-01
1.260000000000000000e+04  9.220404569233420222e-02  2.876508804952583320e-01  8.608791910199172295e-03  6.115362819022082119e-01
1.270000000000000000e+04  9.238282541167071316e-02  2.849344830564659037e-01  8.682815357257327865e-03  6.139998761746059408e-01
1.280000000000000000e+04  9.255681014061171996e-02  2.822455866531686230e-01  8.756435630952149815e-03  6.164411675752673458e-01
1.290000000000000000e+04  9.272605851974326241e-02  2.795839081463938891e-01  8.829648634399564835e-03  6.188603846994631397e-01
1.300000000000000000e+04  9.289062854308528794e-02  2.769491673270484400e-01  8.902450410174064105e-03  6.212577537196920519e-01
1.310000000000000000e+04  9.305057756506444899e-02  2.743410868855358231e-01  8.974837137830211919e-03  6.236334984115693425e-01
1.320000000000000000e+04  9.320596230741214072e-02  2.717593923816891688e-01  9.046805131460623414e-03  6.259878401794378711e-01
1.330000000000000000e+04  9.335683886598845904e-02  2.692038122150161583e-01  9.118350837289923919e-03  6.283209980817052731e-01
1.340000000000000000e+04  9.350326271753300889e-02  2.666740775952531894e-01  9.189470831304200754e-03  6.306331888559094656e-01
1.350000000000000000e+04  9.364528872634324264e-02  2.641699225132249640e-01  9.260161816915475630e-03  6.329246269435161443e-01
1.360000000000000000e+04  9.378297115088111979e-02  2.616910837120071109e-01  9.330420622660722321e-03  6.351955245144508266e-01
1.370000000000000000e+04  9.391636365030892053e-02  2.592373006583879036e-01  9.400244199934961256e-03  6.374460914913679943e-01
1.380000000000000000e+04  9.404551929095489315e-02  2.568083155146264063e-01  9.469629620757983451e-03  6.396765355736605541e-01
1.390000000000000000e+04  9.417049055270954039e-02  2.544038731105039419e-01  9.538574075574230218e-03  6.418870622612120602e-01
1.400000000000000000e+04  9.429132933535326611e-02  2.520237209156658276e-01  9.607074871085405365e-03  6.440778748778952512e-01
1.410000000000000000e+04  9.440808696481613194e-02  2.496676090122499636e-01  9.675129428115354993e-03  6.462491745948183430e-01
1.420000000000000000e+04  9.452081419937040374e-02  2.473352900678000565e-01  9.742735279506788137e-03  6.484011604533225226e-01
1.430000000000000000e+04  9.462956123575669287e-02  2.450265193084597559e-01  9.809890068049413256e-03  6.505340293877339697e-01
1.440000000000000000e+04  9.473437771524433060e-02  2.427410544924452906e-01  9.876591544439053405e-03  6.526479762478711866e-01
1.450000000000000000e+04  9.483531272962669734e-02  2.404786558837934962e-01  9.942837565267332450e-03  6.547431938213122971e-01
1.460000000000000000e+04  9.493241482715224222e-02  2.382390862263824016e-01  1.000862609104150036e-02  6.568198728554236476e-01
1.470000000000000000e+04  9.502573201839184525e-02  2.360221107182214895e-01  1.007395518423400728e-02  6.588782020791524863e-01
1.480000000000000000e+04  9.511531178204318815e-02  2.338274969860090202e-01  1.013882300736141349e-02  6.609183682245861613e-01
1.490000000000000000e+04  9.520120107067285564e-02  2.316550150599533675e-01  1.020322782109223114e-02  6.629405560482812820e-01
1.500000000000000000e+04  9.528344631639680540e-02  2.295044373488558387e-01  1.026716798238331597e-02  6.649449483523637294e-01
1.510000000000000000e+04  9.536209343649988679e-02  2.273755386154522051e-01  1.033064194264440849e-02  6.669317260054031804e-01
1.520000000000000000e+04  9.543718783899501901e-02  2.252680959520101667e-01  1.039364824593045321e-02  6.689010679630640333e-01
1.530000000000000000e+04  9.550877442812270857e-02  2.231818887561802245e-01  1.045618552716130571e-02  6.708531512885353987e-01
1.540000000000000000e+04  9.557689760979158622e-02  2.211166987070971868e-01  1.051825251036845460e-02  6.727881511727423769e-01
1.550000000000000000e+04  9.564160129696051837e-02  2.190723097417298371e-01  1.057984800696840436e-02  6.747062409543408412e-01
1.560000000000000000e+04  9.570292891496290366e-02  2.170485080314761561e-01  1.064097091406233063e-02  6.766075921394981707e-01
1.570000000000000000e+04  9.576092340677393178e-02  2.150450819590013496e-01  1.070162021276167309e-02  6.784923744214625962e-01
1.580000000000000000e+04  9.581562723822122096e-02  2.130618220953165720e-01  1.076179496653928772e-02  6.803607556999224926e-01
1.590000000000000000e+04  9.586708240313954188e-02  2.110985211770953496e-01  1.082149431960582713e-02  6.822129021001588356e-01
1.600000000000000000e+04  9.591533042847022461e-02  2.091549740842256200e-01  1.088071749531099169e-02  6.840489779919927127e-01
1.610000000000000000e+04  9.596041237930581780e-02  2.072309778175948081e-01  1.093946379456931482e-02  6.858691460085296621e-01
1.620000000000000000e+04  9.600236886388065216e-02  2.053263314771053838e-01  1.099773259431014241e-02  6.876735670647033949e-01
1.630000000000000000e+04  9.604124003850771085e-02  2.034408362399187653e-01  1.105552334595147866e-02  6.894624003756215647e-01
1.640000000000000000e+04  9.607706561246263932e-02  2.015742953389249859e-01  1.111283557389735992e-02  6.912358034747145830e-01
1.650000000000000000e+04  9.610988485281522775e-02  1.997265140414357931e-01  1.116966887405844606e-02  6.929939322316901462e-01
1.660000000000000000e+04  9.613973658920911547e-02  1.978972996280990715e-01  1.122602291239549986e-02  6.947369408702959159e-01
1.670000000000000000e+04  9.616665921859009203e-02  1.960864613720319782e-01  1.128189742348544196e-02  6.964649819858921287e-01
1.680000000000000000e+04  9.619069070988368886e-02  1.942938105181707398e-01  1.133729220910966416e-02  6.981782065628355793e-01
1.690000000000000000e+04  9.621186860862258883e-02  1.925191602628347765e-01  1.139220713686430429e-02  6.998767639916779748e-01
1.700000000000000000e+04  9.623023004152427007e-02  1.907623257335029354e-01  1.144664213879217039e-02  7.015608020861802130e-01
1.710000000000000000e+04  9.624581172101959181e-02  1.890231239687996667e-01  1.150059721003601765e-02  7.032304671001442520e-01
1.720000000000000000e+04  9.625864994973269695e-02  1.873013738986888943e-01  1.155407240751287617e-02  7.048859037440650122e-01
1.730000000000000000e+04  9.626878062491286969e-02  1.855968963248734172e-01  1.160706784860915212e-02  7.065272552016040875e-01
1.740000000000000000e+04  9.627623924281875079e-02  1.839095139013978142e-01  1.165958370989619679e-02  7.081546631458867092e-01
1.750000000000000000e+04  9.628106090305553477e-02  1.822390511154526604e-01  1.171162022586606961e-02  7.097682677556251818e-01
1.760000000000000000e+04  9.628328031286560729e-02  1.805853342683779450e-01  1.176317768768721239e-02  7.113682077310686802e-01
1.770000000000000000e+04  9.628293179137302482e-02  1.789481914568635812e-01  1.181425644197975702e-02  7.129546203097830714e-01
1.780000000000000000e+04  9.628004927378254474e-02  1.773274525543451774e-01  1.186485688961019282e-02  7.145276412822615386e-01
1.790000000000000000e+04  9.627466631553346921e-02  1.757229491925927645e-01  1.191497948450512094e-02  7.160874050073681163e-01
1.800000000000000000e+04  9.626681609640894144e-02  1.741345147434905927e-01  1.196462473248383583e-02  7.176340444276161357e-01
1.810000000000000000e+04  9.625653142460106892e-02  1.725619843010061660e-01  1.201379319010946641e-02  7.191676910842828008e-01
1.820000000000000000e+04  9.624384474073248430e-02  1.710051946633461550e-01  1.206248546355842034e-02  7.206884751323624494e-01
1.830000000000000000e+04  9.622878812183460751e-02  1.694639843152977166e-01  1.211070220750786776e-02  7.221965253553592756e-01
1.840000000000000000e+04  9.621139328528326151e-02  1.679381934107529728e-01  1.215844412404101793e-02  7.236919691799221788e-01
1.850000000000000000e+04  9.619169159269203018e-02  1.664276637554147897e-01  1.220571196156994449e-02  7.251749326903226267e-01
1.860000000000000000e+04  9.616971405376373294e-02  1.649322387896821063e-01  1.225250651377570235e-02  7.266455406427778652e-01
1.870000000000000000e+04  9.614549133010065474e-02  1.634517635717128436e-01  1.229882861856549693e-02  7.281039164796204721e-01
1.880000000000000000e+04  9.611905373897371152e-02  1.619860847606625354e-01  1.234467915704666810e-02  7.295501823433165889e-01
1.890000000000000000e+04  9.609043125705128696e-02  1.605350506000969568e-01  1.239005905251725284e-02  7.309844590903340489e-01
1.900000000000000000e+04  9.605965352408790681e-02  1.590985109015767840e-01  1.243496926947288556e-02  7.324068663048619587e-01
1.910000000000000000e+04  9.602674984657333379e-02  1.576763170284126714e-01  1.247941081262982088e-02  7.338175223123837299e-01
1.920000000000000000e+04  9.599174920134252720e-02  1.562683218795888618e-01  1.252338472596382750e-02  7.352165441931043377e-01
1.930000000000000000e+04  9.595468023914670297e-02  1.548743798738535515e-01  1.256689209176475863e-02  7.366040477952345844e-01
1.940000000000000000e+04  9.591557128818620215e-02  1.534943469339744571e-01  1.260993402970654598e-02  7.379801477481323646e-01
1.950000000000000000e+04  9.587445035760525092e-02  1.521280804711576673e-01  1.265251169593242624e-02  7.393449574753042652e-01
1.960000000000000000e+04  9.583134514094929224e-02  1.507754393696281447e-01  1.269462628215516434e-02  7.406985892072670552e-01
1.970000000000000000e+04  9.578628301958513891e-02  1.494362839713703206e-01  1.273627901477207211e-02  7.420411539942721735e-01
1.980000000000000000e+04  9.573929106608440598e-02  1.481104760610268689e-01  1.277747115399461078e-02  7.433727617188937709e-01
1.990000000000000000e+04  9.569039604757056949e-02  1.467978788509542998e-01  1.281820399299235698e-02  7.446935211084824147e-01
2.000000000000000000e+04  9.563962442903010952e-02  1.454983569664334841e-01  1.285847885705115184e-02  7.460035397474849006e-01
2.010000000000000000e+04  9.558700237658805665e-02  1.442117764310337225e-01  1.289829710274521118e-02  7.473029240896326142e-01
2.020000000000000000e+04  9.553255576074835831e-02  1.429380046521286363e-01  1.293766011712300067e-02  7.485917794699996630e-01
2.030000000000000000e+04  9.547631015959942569e-02  1.416769104065622731e-01  1.297656931690668695e-02  7.498702101169313350e-01
2.040000000000000000e+04  9.541829086198524990e-02  1.404283638264640088e-01  1.301502614770496877e-02  7.511383191638455470e-01
2.050000000000000000e+04  9.535852287064247590e-02  1.391922363852105271e-01  1.305303208323908490e-02  7.523962086609077282e-01
2.060000000000000000e+04  9.529703090530372567e-02  1.379684008835335707e-01  1.309058862458183266e-02  7.536439795865806923e-01
2.070000000000000000e+04  9.523383940576761464e-02  1.367567314357716057e-01  1.312769729940938164e-02  7.548817318590511638e-01
2.080000000000000000e+04  9.516897253493576680e-02  1.355571034562643440e-01  1.316435966126573015e-02  7.561095643475339578e-01
2.090000000000000000e+04  9.510245418181718924e-02  1.343693936458882077e-01  1.320057728883959093e-02  7.573275748834548127e-01
2.100000000000000000e+04  9.503430796450039464e-02  1.331934799787316825e-01  1.323635178525355872e-02  7.585358602715142062e-01
2.110000000000000000e+04  9.496455723309359109e-02  1.320292416889086995e-01  1.327168477736535325e-02  7.597345163006321567e-01
2.120000000000000000e+04  9.489322507263321660e-02  1.308765592575089065e-01  1.330657791508098667e-02  7.609236377547766716e-01
2.130000000000000000e+04  9.482033430596130408e-02  1.297353143996833047e-01  1.334103287067966818e-02  7.621033184236755131e-01
2.140000000000000000e+04  9.474590749657188504e-02  1.286053900518638882e-01  1.337505133815028620e-02  7.632736511134137203e-01
2.150000000000000000e+04  9.466996695142679275e-02  1.274866703591157613e-01  1.340863503253929105e-02  7.644347276569178895e-01
2.160000000000000000e+04  9.459253472374121174e-02  1.263790406626205398e-01  1.344178568930982400e-02  7.655866389243282111e-01
2.170000000000000000e+04  9.451363261573934860e-02  1.252823874872895371e-01  1.347450506371191542e-02  7.667294748332590393e-01
2.180000000000000000e+04  9.443328218138037633e-02  1.241965985295054586e-01  1.350679493016360838e-02  7.678633243589504387e-01
2.190000000000000000e+04  9.435150472905522168e-02  1.231215626449912587e-01  1.353865708164283047e-02  7.689882755443105955e-01
2.200000000000000000e+04  9.426832132425423671e-02  1.220571698368048130e-01  1.357009332908987523e-02  7.701044155098509814e-01
2.210000000000000000e+04  9.418375279220628227e-02  1.210033112434581032e-01  1.360110550082031973e-02  7.712118304635151578e-01
2.220000000000000000e+04  9.409781972048943122e-02  1.199598791271596493e-01  1.363169544194824633e-02  7.723106057104025535e-01
2.230000000000000000e+04  9.401054246161356931e-02  1.189267668621788870e-01  1.366186501381959871e-02  7.734008256623877697e-01
2.240000000000000000e+04  9.392194113557530977e-02  1.179038689233312398e-01  1.369161609345553865e-02  7.744825738476377452e-01
2.250000000000000000e+04  9.383203563238537437e-02  1.168910808745825952e-01  1.372095057300565073e-02  7.755559329200262253e-01
2.260000000000000000e+04  9.374084561456885734e-02  1.158882993577720205e-01  1.374987035921084247e-02  7.766209846684480889e-01
2.270000000000000000e+04  9.364839051963858019e-02  1.148954220814513844e-01  1.377837737287582014e-02  7.776778100260339777e-01
2.280000000000000000e+04  9.355468956254188451e-02  1.139123478098407749e-01  1.380647354835097193e-02  7.787264890792661154e-01
2.290000000000000000e+04  9.345976173808108467e-02  1.129389763518984374e-01  1.383416083302353890e-02  7.797671010769966493e-01
2.300000000000000000e+04  9.336362582330796911e-02  1.119752085505040795e-01  1.386144118681793130e-02  7.807997244393697356e-01
2.310000000000000000e+04  9.326630037989246114e-02  1.110209462717543366e-01  1.388831658170505343e-02  7.818244367666478123e-01
2.320000000000000000e+04  9.316780375646588341e-02  1.100760923943693015e-01  1.391478900122050319e-02  7.828413148479439476e-01
2.330000000000000000e+04  9.306815409093904812e-02  1.091405507992088408e-01  1.394086043999152348e-02  7.838504346698602632e-01
2.340000000000000000e+04  9.296736931279532545e-02  1.082142263588976999e-01  1.396653290327255943e-02  7.848518714250340977e-01
2.350000000000000000e+04  9.286546714535917624e-02  1.072970249275582016e-01  1.399180840648931237e-02  7.858456995205930218e-01
2.360000000000000000e+04  9.276246510804020406e-02  1.063888533306493467e-01  1.401668897479114821e-02  7.868319925865190356e-01
2.370000000000000000e+04  9.265838051855312951e-02  1.054896193549113570e-01  1.404117664261174750e-02  7.878108234839235058e-01
2.380000000000000000e+04  9.255323049511383904e-02  1.045992317384144832e-01  1.406527345323786704e-02  7.887822643132335054e-01
2.390000000000000000e+04  9.244703195861188327e-02  1.037176001607109516e-01  1.408898145838609686e-02  7.897463864222907803e-01
2.400000000000000000e+04  9.233980163475957736e-02  1.028446352330890934e-01  1.411230271778748761e-02  7.907032604143635623e-01
2.410000000000000000e+04  9.223155605621798092e-02  1.019802484889285321e-01  1.413523929877993739e-02  7.916529561560732287e-01
2.420000000000000000e+04  9.212231156470006288e-02  1.011243523741553185e-01  1.415779327590821306e-02  7.925955427852361401e-01
2.430000000000000000e+04  9.201208431305116231e-02  1.002768602377961393e-01  1.417996673053149859e-02  7.935310887186209916e-01
2.440000000000000000e+04  9.190089026730716149e-02  9.943768632263035034e-02  1.420176175043835927e-02  7.944596616596238947e-01
2.450000000000000000e+04  9.178874520873048226e-02  9.860674575593907087e-02  1.422318042946899702e-02  7.953813286058611931e-01
2.460000000000000000e+04  9.167566473582418329e-02  9.778395454035007650e-02  1.424422486714470477e-02  7.962961558566807874e-01
2.470000000000000000e+04  9.156166426632438016e-02  9.696922954477771306e-02  1.426489716830439160e-02  7.972042090205933018e-01
2.480000000000000000e+04  9.144675903917127979e-02  9.616248849545667998e-02  1.428519944274809356e-02  7.981055530226237593e-01
2.490000000000000000e+04  9.133096411645895418e-02  9.536364996706885033e-02  1.430513380488734367e-02  7.990002521115846523e-01
2.500000000000000000e+04  9.121429438536418632e-02  9.457263337396200342e-02  1.432470237340231073e-02  7.998883698672712983e-01
2.510000000000000000e+04  9.109676456005455503e-02  9.378935896145969286e-02  1.434390727090559953e-02  8.007699692075799236e-01
2.520000000000000000e+04  9.097838918357598059e-02  9.301374779726116759e-02  1.436275062361260825e-02  8.016451123955500302e-01
2.530000000000000000e+04  9.085918262971998116e-02  9.224572176293041603e-02  1.438123456101834952e-02  8.025138610463310451e-01
2.540000000000000000e+04  9.073915910487079239e-02  9.148520354547357014e-02  1.439936121558062741e-02  8.033762761340748071e-01
2.550000000000000000e+04  9.061833264983268355e-02  9.073211662900350361e-02  1.441713272240948904e-02  8.042324179987541122e-01
2.560000000000000000e+04  9.049671714163758096e-02  8.998638528649090251e-02  1.443455121896283257e-02  8.050823463529084290e-01
2.570000000000000000e+04  9.037432629533322104e-02  8.924793457160087873e-02  1.445161884474809554e-02  8.059261202883175601e-01
2.580000000000000000e+04  9.025117366575211020e-02  8.851669031061418225e-02  1.446833774102991924e-02  8.067637982826035836e-01
2.590000000000000000e+04  9.012727264926137516e-02  8.779257909443212438e-02  1.448471005054370944e-02  8.075954382057626280e-01
2.600000000000000000e+04  9.000263648549386430e-02  8.707552827066451784e-02  1.450073791721498417e-02  8.084210973266264810e-01
2.610000000000000000e+04  8.987727825906058343e-02  8.636546593579948194e-02  1.451642348588443737e-02  8.092408323192553654e-01
2.620000000000000000e+04  8.975121090124467405e-02  8.566232092745451610e-02  1.453176890203861614e-02  8.100546992692621018e-01
2.630000000000000000e+04  8.962444719167722562e-02  8.496602281670787016e-02  1.454677631154613522e-02  8.108627536800686597e-01
2.640000000000000000e+04  8.949699975999500512e-02  8.427650190050946233e-02  1.456144786039933851e-02  8.116650504790960952e-01
2.650000000000000000e+04  8.936888108748032578e-02  8.359368919417033139e-02  1.457578569446131393e-02  8.124616440238878745e-01
2.660000000000000000e+04  8.924010350868333274e-02  8.291751642393012378e-02  1.458979195921820265e-02  8.132525881081681396e-01
2.670000000000000000e+04  8.911067921302676109e-02  8.224791601960149134e-02  1.460346879953668651e-02  8.140379359678349136e-01
2.680000000000000000e+04  8.898062024639347145e-02  8.158482110729076142e-02  1.461681835942660324e-02  8.148177402868890251e-01
2.690000000000000000e+04  8.884993851269684662e-02  8.092816550219410210e-02  1.462984278180859236e-02  8.155920532033003045e-01
2.700000000000000000e+04  8.871864577543431274e-02  8.027788370146834995e-02  1.464254420828669384e-02  8.163609263148104978e-01
2.710000000000000000e+04  8.858675365922412392e-02  7.963391087717566763e-02  1.465492477892582981e-02  8.171244106846742294e-01
2.720000000000000000e+04  8.845427365132563224e-02  7.899618286930142064e-02  1.466698663203408644e-02  8.178825568473386820e-01
2.730000000000000000e+04  8.832121710314314034e-02  7.836463617884437127e-02  1.467873190394971411e-02  8.186354148140625453e-01
2.740000000000000000e+04  8.818759523171358639e-02  7.773920796097849584e-02  1.469016272883279066e-02  8.193830340784749033e-01
2.750000000000000000e+04  8.805341912117822800e-02  7.711983601828570345e-02  1.470128123846145204e-02  8.201254636220743910e-01
2.760000000000000000e+04  8.791869972423843604e-02  7.650645879405863770e-02  1.471208956203262988e-02  8.208627519196700639e-01
2.770000000000000000e+04  8.778344786359587593e-02  7.589901536567296436e-02  1.472258982596722290e-02  8.215949469447637599e-01
2.780000000000000000e+04  8.764767423337707641e-02  7.529744543802831258e-02  1.473278415371962954e-02  8.223220961748748392e-01
2.790000000000000000e+04  8.751138940054280224e-02  7.470168933705717551e-02  1.474267466559157740e-02  8.230442465968083043e-01
2.800000000000000000e+04  8.737460380628209178e-02  7.411168800330110440e-02  1.475226347855016634e-02  8.237614447118665195e-01
2.810000000000000000e+04  8.723732776739141770e-02  7.352738298555351604e-02  1.476155270605008195e-02  8.244737365410048646e-01
2.820000000000000000e+04  8.709957147763888741e-02  7.294871643456829480e-02  1.477054445785988893e-02  8.251811676299327658e-01
2.830000000000000000e+04  8.696134500911380238e-02  7.237563109683366191e-02  1.477924083989234569e-02  8.258837830541599923e-01
2.840000000000000000e+04  8.682265831356168750e-02  7.180807030841059035e-02  1.478764395403868968e-02  8.265816274239887740e-01
2.850000000000000000e+04  8.668352122370491519e-02  7.124597798883498811e-02  1.479575589800681025e-02  8.272747448894530731e-01
2.860000000000000000e+04  8.654394345454910487e-02  7.068929863508315037e-02  1.480357876516325000e-02  8.279631791452043421e-01
2.870000000000000000e+04  8.640393460467543640e-02  7.013797731559968940e-02  1.481111464437898442e-02  8.286469734353457683e-01
2.880000000000000000e+04  8.626350415751911360e-02  6.959195966438740111e-02  1.481836561987890342e-02  8.293261705582144483e-01
2.890000000000000000e+04  8.612266148263392207e-02  6.905119187515836032e-02  1.482533377109494441e-02  8.300008128711126032e-01
2.900000000000000000e+04  8.598141583694329793e-02  6.851562069554559264e-02  1.483202117252281453e-02  8.306709422949881683e-01
2.910000000000000000e+04  8.583977636597782401e-02  6.798519342137478161e-02  1.483842989358223792e-02  8.313366003190649778e-01
2.920000000000000000e+04  8.569775210509944507e-02  6.745985789099530339e-02  1.484456199848067925e-02  8.319978280054244335e-01
2.930000000000000000e+04  8.555535198071242964e-02  6.693956247966996453e-02  1.485041954608048130e-02  8.326546659935369910e-01
2.940000000000000000e+04  8.541258481146137005e-02  6.642425609402295705e-02  1.485600458976936260e-02  8.333071545047462392e-01
2.950000000000000000e+04  8.526945930941616514e-02  6.591388816654526750e-02  1.486131917733421459e-02  8.339553333467042417e-01
2.960000000000000000e+04  8.512598408124431859e-02  6.540840865015709604e-02  1.486636535083814790e-02  8.345992419177603594e-01
2.970000000000000000e+04  8.498216762937058077e-02  6.490776801282649444e-02  1.487114514650073917e-02  8.352389192113021110e-01
2.980000000000000000e+04  8.483801835312404505e-02  6.441191723224390375e-02  1.487566059458141077e-02  8.358744038200505155e-01
2.990000000000000000e+04  8.469354454987293446e-02  6.392080779055177298e-02  1.487991371926590360e-02  8.365057339403092485e-01
3.000000000000000000e+04  8.454875441614714826e-02  6.343439166912880067e-02  1.488390653855579081e-02  8.371329473761681683e-01
3.010000000000000000e+04  8.440365604874865146e-02  6.295262134342825833e-02  1.488764106416097348e-02  8.377560815436619901e-01
3.020000000000000000e+04  8.425825744584997112e-02  6.247544977786972237e-02  1.489111930139510979e-02  8.383751734748851048e-01
3.030000000000000000e+04  8.411256650808078550e-02  6.200283042078381240e-02  1.489434324907394462e-02  8.389902598220613239e-01
3.040000000000000000e+04  8.396659103960284198e-02  6.153471719940922791e-02  1.489731489941645975e-02  8.396013768615713246e-01
3.050000000000000000e+04  8.382033874917325933e-02  6.107106451494166699e-02  1.490003623794882749e-02  8.402085604979361300e-01
3.060000000000000000e+04  8.367381725119636682e-02  6.061182723763401670e-02  1.490250924341110506e-02  8.408118462677584004e-01
3.070000000000000000e+04  8.352703406676421916e-02  6.015696070194730127e-02  1.490473588766661958e-02  8.414112693436217594e-01
3.080000000000000000e+04  8.337999662468582873e-02  5.970642070175188193e-02  1.490671813561400896e-02  8.420068645379481520e-01
3.090000000000000000e+04  8.323271226250539279e-02  5.926016348557835989e-02  1.490845794510186652e-02  8.425986663068142368e-01
